Sezione1
  220.0000        0.0    0.6700
   280.0000   32.2810    0.6700
   400.1000   30.5800    0.6490
   460.1000   27.8940    0.6290
   520.1000   25.7010    0.6080
   580.1000   23.5070    0.5870
   640.1000   21.3130    0.5660
   700.1000   19.1200    0.5460
   760.1000   16.9260    0.5250
   820.1000   14.7330    0.5040
   880.1000   12.5390    0.4830
   940.1000   10.3460    0.4630
  1000.1000    8.1520    0.4420
  1060.1000    5.9590    0.4210
  1120.1000    3.7650    0.4000
  1180.1000    1.5720    0.3800
  1240.1000       0.0    0.3650
Sezione2
220.0000    5.7577    0.0100
225.0000    5.8020    0.0100
230.0000    5.8424    0.0100
235.0000    5.8786    0.0100
240.0000    5.9104    0.0100
245.0000    5.9380    0.0100
250.0000    5.9611    0.0100
255.0000    5.9802    0.0100
260.0000    5.9953    0.0100
265.0000    6.0069    0.0100
270.0000    6.0149    0.0100
275.0000    6.0197    0.0100
280.0000    6.0212    0.0100
285.0000    6.0197    0.0100
290.0000    6.0152    0.0100
295.0000    6.0077    0.0100
300.0000    5.9972    0.0100
305.0000    5.9840    0.0100
310.0000    5.9680    0.0100
315.0000    5.9496    0.0100
320.0000    5.9288    0.0100
325.0000    5.9060    0.0100
330.0000    5.8812    0.0100
335.0000    5.8548    0.0100
340.0000    5.8268    0.0100
345.0000    5.7974    0.0100
350.0000    5.7667    0.0100
355.0000    5.7348    0.0100
360.0000    5.7020    0.0100
365.0000    5.6682    0.0100
370.0000    5.6337    0.0100
375.0000    5.5983    0.0100
380.0000    5.5622    0.0100
385.0000    5.5256    0.0100
390.0000    5.4883    0.0100
395.0000    5.4504    0.0100
400.0000    5.4121    0.0100
405.0000    5.3734    0.0100
410.0000    5.3345    0.0100
415.0000    5.2953    0.0100
420.0000    5.2560    0.0100
425.0000    5.2165    0.0100
430.0000    5.1770    0.0100
435.0000    5.1375    0.0100
440.0000    5.0980    0.0100
445.0000    5.0585    0.0100
450.0000    5.0191    0.0100
455.0000    4.9798    0.0100
460.0000    4.9405    0.0100
465.0000    4.9014    0.0100
470.0000    4.8623    0.0100
475.0000    4.8232    0.0100
480.0000    4.7843    0.0100
485.0000    4.7454    0.0100
490.0000    4.7065    0.0100
495.0000    4.6677    0.0100
500.0000    4.6288    0.0100
505.0000    4.5900    0.0100
510.0000    4.5511    0.0100
515.0000    4.5123    0.0100
520.0000    4.4735    0.0100
525.0000    4.4348    0.0100
530.0000    4.3961    0.0100
535.0000    4.3576    0.0100
540.0000    4.3193    0.0100
545.0000    4.2811    0.0100
550.0000    4.2431    0.0100
555.0000    4.2053    0.0100
560.0000    4.1678    0.0100
565.0000    4.1306    0.0100
570.0000    4.0936    0.0100
575.0000    4.0569    0.0100
580.0000    4.0205    0.0100
585.0000    3.9845    0.0100
590.0000    3.9488    0.0100
595.0000    3.9135    0.0100
600.0000    3.8785    0.0100
605.0000    3.8438    0.0100
610.0000    3.8095    0.0100
615.0000    3.7755    0.0100
620.0000    3.7418    0.0100
625.0000    3.7084    0.0100
630.0000    3.6753    0.0100
635.0000    3.6425    0.0100
640.0000    3.6100    0.0100
645.0000    3.5777    0.0100
650.0000    3.5457    0.0100
655.0000    3.5139    0.0100
660.0000    3.4825    0.0100
665.0000    3.4513    0.0100
670.0000    3.4205    0.0100
675.0000    3.3900    0.0100
680.0000    3.3599    0.0100
685.0000    3.3301    0.0100
690.0000    3.3006    0.0100
695.0000    3.2715    0.0100
700.0000    3.2428    0.0100
705.0000    3.2143    0.0100
710.0000    3.1862    0.0100
715.0000    3.1584    0.0100
720.0000    3.1310    0.0100
725.0000    3.1039    0.0100
730.0000    3.0770    0.0100
735.0000    3.0505    0.0100
740.0000    3.0244    0.0100
745.0000    2.9985    0.0100
750.0000    2.9728    0.0100
755.0000    2.9475    0.0100
760.0000    2.9224    0.0100
765.0000    2.8977    0.0100
770.0000    2.8732    0.0100
775.0000    2.8491    0.0100
780.0000    2.8252    0.0100
785.0000    2.8017    0.0100
790.0000    2.7785    0.0100
795.0000    2.7556    0.0100
800.0000    2.7330    0.0100
805.0000    2.7106    0.0100
810.0000    2.6885    0.0100
815.0000    2.6666    0.0100
820.0000    2.6449    0.0100
825.0000    2.6235    0.0100
830.0000    2.6022    0.0100
835.0000    2.5810    0.0100
840.0000    2.5599    0.0100
845.0000    2.5390    0.0100
850.0000    2.5181    0.0100
855.0000    2.4974    0.0100
860.0000    2.4767    0.0100
865.0000    2.4561    0.0100
870.0000    2.4357    0.0100
875.0000    2.4153    0.0100
880.0000    2.3952    0.0100
885.0000    2.3751    0.0100
890.0000    2.3552    0.0100
895.0000    2.3354    0.0100
900.0000    2.3158    0.0100
905.0000    2.2963    0.0100
910.0000    2.2770    0.0100
915.0000    2.2578    0.0100
920.0000    2.2387    0.0100
925.0000    2.2197    0.0100
930.0000    2.2009    0.0100
935.0000    2.1822    0.0100
940.0000    2.1636    0.0100
945.0000    2.1451    0.0100
950.0000    2.1267    0.0100
955.0000    2.1084    0.0100
960.0000    2.0903    0.0100
965.0000    2.0722    0.0100
970.0000    2.0543    0.0100
975.0000    2.0364    0.0100
980.0000    2.0187    0.0100
985.0000    2.0012    0.0100
990.0000    1.9838    0.0100
995.0000    1.9665    0.0100
1000.0000    1.9495    0.0100
1005.0000    1.9326    0.0100
1010.0000    1.9159    0.0100
1015.0000    1.8993    0.0100
1020.0000    1.8831    0.0100
1025.0000    1.8670    0.0100
1030.0000    1.8511    0.0100
1035.0000    1.8354    0.0100
1040.0000    1.8199    0.0100
1045.0000    1.8046    0.0100
1050.0000    1.7895    0.0100
1055.0000    1.7746    0.0100
1060.0000    1.7599    0.0100
1065.0000    1.7454    0.0100
1070.0000    1.7311    0.0100
1075.0000    1.7170    0.0100
1080.0000    1.7032    0.0100
1085.0000    1.6897    0.0100
1090.0000    1.6765    0.0100
1095.0000    1.6635    0.0100
1100.0000    1.6508    0.0100
1105.0000    1.6384    0.0100
1110.0000    1.6262    0.0100
1115.0000    1.6143    0.0100
1120.0000    1.6025    0.0100
1125.0000    1.5909    0.0100
1130.0000    1.5795    0.0100
1135.0000    1.5681    0.0100
1140.0000    1.5568    0.0100
1145.0000    1.5456    0.0100
1150.0000    1.5344    0.0100
1155.0000    1.5232    0.0100
1160.0000    1.5121    0.0100
1165.0000    1.5011    0.0100
1170.0000    1.4901    0.0100
1175.0000    1.4792    0.0100
1180.0000    1.4685    0.0100
1185.0000    1.4578    0.0100
1190.0000    1.4473    0.0100
1195.0000    1.4368    0.0100
1200.0000    1.4265    0.0100
1205.0000    1.4162    0.0100
1210.0000    1.4060    0.0100
1215.0000    1.3958    0.0100
1220.0000    1.3858    0.0100
1225.0000    1.3757    0.0100
1230.0000    1.3658    0.0100
1235.0000    1.3560    0.0100
1240.0000    1.3462    0.0100
1245.0000    1.3365    0.0100
1250.0000    1.3270    0.0100
1255.0000    1.3174    0.0100
1260.0000    1.3080    0.0100
1265.0000    1.2987    0.0100
1270.0000    1.2895    0.0100
1275.0000    1.2803    0.0100
1280.0000    1.2713    0.0100
1285.0000    1.2624    0.0100
1290.0000    1.2536    0.0100
1295.0000    1.2449    0.0100
1300.0000    1.2364    0.0100
1305.0000    1.2280    0.0100
1310.0000    1.2196    0.0100
1315.0000    1.2114    0.0100
1320.0000    1.2033    0.0100
1325.0000    1.1953    0.0100
1330.0000    1.1874    0.0100
1335.0000    1.1796    0.0100
1340.0000    1.1718    0.0100
1345.0000    1.1642    0.0100
1350.0000    1.1566    0.0100
1355.0000    1.1491    0.0100
1360.0000    1.1416    0.0100
1365.0000    1.1342    0.0100
1370.0000    1.1269    0.0100
1375.0000    1.1196    0.0100
1380.0000    1.1123    0.0100
1385.0000    1.1052    0.0100
1390.0000    1.0981    0.0100
1395.0000    1.0911    0.0100
1400.0000    1.0842    0.0100
1405.0000    1.0774    0.0100
1410.0000    1.0707    0.0100
1415.0000    1.0640    0.0100
1420.0000    1.0576    0.0100
1425.0000    1.0512    0.0100
1430.0000    1.0449    0.0100
1435.0000    1.0388    0.0100
1440.0000    1.0327    0.0100
1445.0000    1.0268    0.0100
1450.0000    1.0209    0.0100
1455.0000    1.0152    0.0100
1460.0000    1.0095    0.0100
1465.0000    1.0038    0.0100
1470.0000    0.9982    0.0100
1475.0000    0.9927    0.0100
1480.0000    0.9871    0.0100
1485.0000    0.9816    0.0100
1490.0000    0.9761    0.0100
1495.0000    0.9706    0.0100
1500.0000    0.9651    0.0100
  
   END